Datetime,0d ~ 1d (%),1d ~ 1w (%),1w ~ 1m (%),1m ~ 3m (%),3m ~ 6m (%),6m ~ 12m (%),12m ~ 18m (%),18m ~ 2y (%),2y ~ 3y (%),3y ~ 5y (%),5y ~ 7y (%),7y ~ 10y (%),10y ~ (%)
2026-04-10T00:00:00Z,0.00018165,0.00186283,0.04004057,0.28782874,1.1933362,1.93093528,1.99082998,1.61044828,3.15144103,9.63247179,7.88639813,15.48420001,56.79002551
2026-04-09T00:00:00Z,0.00016291,0.00177876,0.04045367,0.29559539,1.17554955,1.93619192,1.97776623,1.6129704,3.15953659,9.62852461,7.88529351,15.50919203,56.77698443
2026-04-08T00:00:00Z,0.00022406,0.00338,0.03903575,0.29916114,1.16784833,1.93066554,1.97343492,1.6136367,3.15816162,9.77579307,7.73748407,15.51754074,56.78363406
2026-04-07T00:00:00Z,0.00017265,0.00352178,0.03809699,0.29780785,1.16747424,1.92101837,1.97022017,1.61441818,3.15597462,9.7817634,7.7318727,15.52764355,56.79001552
2026-04-06T00:00:00Z,0.00014109,0.0042988,0.03598228,0.32145143,1.15017388,1.90726041,2.01237166,1.56789166,3.15422203,9.79163828,7.72476925,15.53210533,56.7976939
2026-04-05T00:00:00Z,0.00009707,0.00460073,0.0351775,0.32565891,1.14623175,1.89790069,2.12882176,1.44726944,3.15364854,9.79305577,7.72518406,15.55000295,56.79235082
2026-04-04T00:00:00Z,0.00011367,0.00377161,0.03583231,0.3234632,1.14418328,1.882087,2.12567267,1.44620111,3.15162997,9.79500949,7.72018958,15.60743338,56.76441272
2026-04-03T00:00:00Z,0.00012224,0.00299411,0.03609346,0.31762457,1.14158401,1.88809632,2.10747959,1.44968961,3.15069949,9.79630032,7.7163435,15.6269496,56.76602317
2026-04-02T00:00:00Z,0.00025957,0.00273703,0.03545279,0.31206348,1.13615041,1.8955591,2.09295785,1.45509772,3.14794801,9.80009717,7.7115986,15.64593684,56.76414142
2026-04-01T00:00:00Z,0.00018006,0.00377179,0.03566133,0.31079085,1.13331759,1.91158509,2.06760444,1.45847952,3.14730429,9.79933364,7.71464999,15.64573569,56.77158572
2026-03-31T00:00:00Z,0.00031929,0.00373049,0.03468985,0.31466173,1.13173623,1.89746738,2.063477,1.46188207,3.14344024,9.8106604,7.70449297,15.64695453,56.78648782
2026-03-30T00:00:00Z,0.00023265,0.00492344,0.03201158,0.32361044,1.12227576,1.88801102,2.06146597,1.46443131,3.15018253,9.81298373,7.73769558,15.64518815,56.75698784
2026-03-29T00:00:00Z,0.00009401,0.00536745,0.03138203,0.33270802,1.10928578,1.88463474,2.05821986,1.4745875,3.14677751,9.81329527,7.73071014,15.64757689,56.76536079
2026-03-28T00:00:00Z,0.00012871,0.00440925,0.03181546,0.33163508,1.10284961,1.89202271,2.04039978,1.4782957,3.14957938,9.81330996,7.72284354,15.65408513,56.7786257
2026-03-27T00:00:00Z,0.00027675,0.00291027,0.03177893,0.32766891,1.103175,1.89800073,2.02304917,1.48118935,3.14645362,9.83673104,7.69898899,15.66195558,56.78782166
2026-03-26T00:00:00Z,0.00025788,0.00336784,0.03336427,0.32485452,1.09433928,1.89587886,2.0203336,1.48233243,3.15346835,9.83280376,7.7012707,15.67063466,56.78709384
2026-03-25T00:00:00Z,0.00019537,0.00338568,0.03829348,0.32635122,1.08844918,1.88904496,2.01814415,1.49900072,3.14059657,9.83081356,7.69832166,15.67389094,56.79351251
2026-03-24T00:00:00Z,0.00017768,0.00358007,0.03750231,0.32543812,1.09646401,1.87323775,2.02330074,1.49455267,3.13822407,9.83489021,7.69266186,15.68603012,56.7939404
2026-03-23T00:00:00Z,0.0001737,0.00427744,0.03676827,0.34377327,1.08778295,1.86042389,2.01775243,1.50729804,3.12820063,9.84677216,7.68065987,15.69519515,56.79092221
2026-03-22T00:00:00Z,0.00009974,0.00516026,0.03512389,0.34734963,1.08491688,1.84661457,2.01588218,1.69020827,2.94830389,9.85603606,7.67177534,15.70033005,56.79819924
2026-03-21T00:00:00Z,0.00009663,0.00467144,0.03602528,0.34269633,1.08413983,1.83049306,2.01395191,1.70243637,2.96235458,9.84407628,7.7047757,15.70344861,56.77083399
2026-03-20T00:00:00Z,0.00018574,0.00349861,0.03561075,0.33703695,1.09429652,1.81416806,2.00891936,1.70365027,2.95973854,9.84507283,7.70046095,15.71126032,56.78610109
2026-03-19T00:00:00Z,0.00015855,0.00397147,0.0370426,0.33508719,1.0870792,1.8119293,2.0061766,1.70218589,2.9615718,9.83678275,7.69422844,15.71974562,56.80404057
2026-03-18T00:00:00Z,0.00018724,0.00384079,0.03848203,0.33043934,1.08772587,1.80484582,2.01112081,1.69630349,2.96755081,9.83205229,7.69073489,15.73699254,56.79972408
2026-03-17T00:00:00Z,0.00022884,0.00370557,0.03834637,0.32719501,1.08984602,1.79684526,2.00889543,1.72368597,2.93954753,9.83346179,7.6887669,15.73903632,56.81043898
2026-03-16T00:00:00Z,0.00022964,0.00370059,0.03746901,0.32723753,1.09386567,1.78794237,2.00571685,1.72558867,2.93862022,9.83627453,7.68671512,15.74763423,56.80900556
2026-03-15T00:00:00Z,0.00013843,0.00405208,0.03829305,0.32712042,1.10269269,1.76619502,2.01175529,1.73311603,2.94146246,9.83554079,7.68007435,15.76863321,56.79092619
2026-03-14T00:00:00Z,0.00015401,0.00341346,0.03941368,0.32998717,1.09996432,1.7461269,2.01091135,1.73954581,2.93617796,9.84196454,7.66972735,15.78666721,56.79594625
2026-03-13T00:00:00Z,0.00018619,0.00245126,0.04110441,0.32577085,1.10059936,1.73633306,2.00631617,1.75215336,2.92496394,9.848509,7.66180136,15.79385033,56.80596071
2026-03-12T00:00:00Z,0.00017292,0.00258035,0.04144664,0.32491018,1.09032102,1.74891389,1.98750132,1.76644542,2.92229643,9.85266948,7.65232443,15.80049023,56.8099277
2026-03-11T00:00:00Z,0.00023359,0.00268168,0.04249747,0.3263152,1.08407593,1.75397934,1.97613707,1.772285,2.91828264,9.87642818,7.64414761,15.80809152,56.79484478
2026-03-10T00:00:00Z,0.0001659,0.00374383,0.04309052,0.32217826,1.08564029,1.76119443,1.96739121,1.78321126,2.91309901,9.87882184,7.63050302,15.81041108,56.80054934
2026-03-09T00:00:00Z,0.00019099,0.00407811,0.0418094,0.32818879,1.07979019,1.76256644,1.95021158,1.7948932,2.91237663,9.87261365,7.6346927,15.80828579,56.81030253
2026-03-08T00:00:00Z,0.00010487,0.00415536,0.04081848,0.32999619,1.07320729,1.75533949,1.94814623,1.79901355,2.91395208,9.87214943,7.62905897,15.82427798,56.80978007
2026-03-07T00:00:00Z,0.00010892,0.00334075,0.04537829,0.32913458,1.06210548,1.74535444,1.94596845,1.80262878,2.90954223,9.87430919,7.6430556,15.8189096,56.82016369
2026-03-06T00:00:00Z,0.00022236,0.00241083,0.05058574,0.31742892,1.05708012,1.741379,1.93972636,1.81483595,2.90006241,9.8816949,7.63571059,15.83362751,56.82523531
2026-03-05T00:00:00Z,0.00020274,0.00249972,0.05178605,0.31263281,1.05177768,1.7445447,1.94266295,1.82755263,2.88934185,9.88491234,7.63320861,15.83796627,56.82091163
2026-03-04T00:00:00Z,0.00017275,0.0025087,0.0531925,0.31915826,1.03750105,1.74132242,1.95691964,1.82495134,2.87859416,9.89418843,7.6209085,15.84317704,56.82740524
2026-03-03T00:00:00Z,0.00020011,0.00331985,0.05506716,0.32151403,1.03454532,1.73224126,1.95226937,1.83017946,2.8738273,10.03909665,7.4830882,15.9022969,56.7723544
2026-03-02T00:00:00Z,0.00013274,0.00505794,0.05255717,0.32198315,1.03550541,1.72336371,1.94515364,1.83051092,2.87047437,10.04586529,7.50679817,15.88194101,56.78065648
2026-03-01T00:00:00Z,0.00011386,0.00493402,0.05336093,0.31932965,1.03310544,1.71415657,1.94304156,1.83342608,2.86854724,10.05387588,7.50273341,15.88630747,56.78706788
2026-02-28T00:00:00Z,0.00009423,0.00400309,0.05607676,0.31522843,1.03265865,1.70005854,1.94734896,1.83008828,2.86276737,10.05774603,7.49999956,15.89902815,56.79490195
2026-02-27T00:00:00Z,0.00018222,0.00307945,0.05465649,0.31059902,1.03840504,1.69435481,1.93403454,1.84294757,2.85427161,10.05920284,7.49411001,15.91416215,56.79999426
2026-02-26T00:00:00Z,0.00016135,0.00354705,0.05267381,0.30643252,1.0329191,1.7024511,1.92262619,1.89351057,2.80329798,10.06449242,7.48894674,15.92221662,56.80672455
2026-02-25T00:00:00Z,0.00018175,0.00320068,0.0511062,0.30505612,1.03447818,1.69192783,1.9194573,1.89592557,2.80210651,10.07027231,7.79296482,15.62639371,56.80692901
2026-02-24T00:00:00Z,0.00024592,0.00311388,0.05229725,0.30500902,1.04181544,1.68358017,1.90363644,1.89881151,2.80104781,10.07782154,7.78726014,15.62955353,56.81580736
2026-02-23T00:00:00Z,0.00015491,0.00415644,0.05020551,0.30574338,1.04194723,1.67451666,1.90621301,1.89592404,2.80340114,10.08421715,7.78319523,15.63516888,56.81515641
2026-02-22T00:00:00Z,0.00009812,0.00419693,0.04831895,0.30548476,1.04199373,1.66291313,1.91037893,1.88973545,2.80555228,10.10428416,7.76193772,15.64608816,56.81901765
2026-02-21T00:00:00Z,0.00011051,0.00337646,0.0658146,0.28493186,1.03906127,1.65173382,1.90814562,1.89175605,2.80195969,10.11153488,7.75490492,15.6552051,56.83146522
2026-02-20T00:00:00Z,0.00025096,0.00259761,0.06732398,0.34404767,0.96899522,1.64554169,1.90204444,1.89534232,2.79842196,10.12006493,7.75285862,15.65944552,56.84306508
2026-02-19T00:00:00Z,0.00017616,0.00313244,0.06989743,0.49169732,0.81449023,1.64765082,1.89938811,1.88956702,2.79663868,10.14763939,7.73491789,15.69568309,56.80912142
2026-02-18T00:00:00Z,0.00019782,0.00394244,0.06834029,0.50668496,0.79243188,1.64086009,1.89729906,1.88870561,2.79505277,10.15887807,7.73462476,15.70361847,56.80936379
2026-02-17T00:00:00Z,0.0001606,0.00397446,0.06527474,0.50791118,0.79296228,1.63294726,1.89845026,1.88487103,2.79259962,10.19168737,7.71725716,15.7096577,56.80224633
2026-02-16T00:00:00Z,0.00017783,0.00497137,0.0617734,0.51193948,0.79099378,1.61834484,1.89807084,1.88607956,2.79096252,10.20403543,7.70598157,15.71157618,56.81509322
2026-02-15T00:00:00Z,0.00012815,0.00552676,0.05939416,0.52138454,0.77890831,1.60565983,1.90063345,1.88512054,2.78645014,10.21450166,7.69680728,15.7235855,56.82189968
2026-02-14T00:00:00Z,0.00020473,0.00478568,0.05992393,0.52009369,0.77702696,1.59192296,1.90060568,1.88566056,2.78250633,10.21711004,7.69552722,15.72869933,56.83593289
2026-02-13T00:00:00Z,0.00021958,0.00419255,0.0607865,0.51030197,0.77576222,1.58656019,1.8960047,1.8934452,2.77578617,10.2264139,7.82201561,15.60426646,56.84424496
2026-02-12T00:00:00Z,0.0002569,0.00541195,0.05819381,0.50353923,0.77478169,1.59161516,1.89020413,1.89763033,2.77697525,10.23326353,7.8105045,15.62507822,56.83254531
2026-02-11T00:00:00Z,0.00021551,0.0069797,0.05720207,0.50497057,0.76257052,1.60031785,1.87989145,1.89968647,2.77590907,10.23756987,7.81249129,15.68695428,56.77524133
2026-02-10T00:00:00Z,0.00025442,0.00702567,0.05678905,0.50368366,0.7617322,1.59878496,1.87641732,1.89979256,2.7733293,10.39869654,7.65402187,15.68507954,56.7843929
2026-02-09T00:00:00Z,0.00018661,0.00761857,0.05413746,0.50491352,0.76617908,1.58740832,1.87399503,1.90044105,2.77440215,10.40243474,7.66851822,15.68913743,56.77062784
2026-02-08T00:00:00Z,0.0001698,0.00735589,0.05506517,0.50362324,0.76345112,1.58295266,1.8740128,1.89855393,2.77616555,10.41036527,7.66703247,15.68819466,56.77305744
2026-02-07T00:00:00Z,0.00018598,0.00588779,0.0558228,0.5001633,0.75774269,1.5738685,1.87214896,1.90024194,2.77383557,10.4337701,7.65053764,15.69528205,56.78051269
2026-02-06T00:00:00Z,0.00038805,0.0045739,0.05435859,0.49415502,0.76638646,1.57000682,1.87501875,1.89123973,2.77765002,10.44777694,7.63594371,15.69627436,56.78622764
2026-02-05T00:00:00Z,0.00034358,0.00436853,0.06090748,0.48272121,0.76693316,1.57200958,1.87522044,1.89428967,2.78432958,10.46169658,7.63840717,15.70093012,56.7578429
2026-02-04T00:00:00Z,0.00021944,0.00405061,0.06213395,0.49475382,0.76061028,1.58893673,1.88414158,1.88301209,2.79013532,10.47989158,7.63474066,15.70023639,56.71713754
2026-02-03T00:00:00Z,0.00027755,0.00358736,0.06343577,0.49731108,0.75977464,1.5946539,1.87474151,1.89172343,2.78442723,10.48852198,7.6455521,15.68343703,56.71255642
2026-02-02T00:00:00Z,0.00024209,0.00347162,0.06444648,0.50298904,0.75548026,1.61290047,1.86075368,1.8844104,2.78091851,10.49378133,7.64014364,15.68484719,56.7156153
2026-02-01T00:00:00Z,0.00015149,0.00374252,0.0623854,0.50913062,0.762536,1.59820401,1.85976191,1.8777436,2.78339978,10.50457896,7.64302462,15.69725346,56.69808762
2026-01-31T00:00:00Z,0.00015324,0.00292224,0.06386802,0.50330448,0.76164084,1.58970208,1.88590083,1.85830023,2.78647017,10.50204032,7.64106644,15.70037211,56.704259
2026-01-30T00:00:00Z,0.00023072,0.0021687,0.06428111,0.496398,0.76446594,1.58857471,1.87750601,1.85880412,2.79348075,10.50438301,7.63794804,15.70865087,56.70310801
2026-01-29T00:00:00Z,0.00013733,0.00745427,0.0617333,0.49214091,0.75968285,1.58924665,1.87766558,1.86347648,2.79182817,10.51347492,7.63120599,15.70795423,56.70399932
2026-01-28T00:00:00Z,0.00018683,0.00761783,0.06449429,0.4835724,0.75378939,1.59065075,1.88062156,1.85596705,2.79724409,10.51444948,7.62794481,15.71042092,56.71304059
2026-01-27T00:00:00Z,0.00016795,0.00760618,0.06520421,0.48566871,0.74681103,1.58623208,1.87959901,1.85471133,2.79387678,10.52010505,7.6239761,15.71770756,56.718334
2026-01-26T00:00:00Z,0.00015168,0.00701792,0.06310645,0.48846043,0.73669974,1.58791639,1.86972429,1.85348713,2.79397896,10.53113009,7.61577744,15.72069771,56.73185178
2026-01-25T00:00:00Z,0.00008525,0.0060559,0.06164098,0.495137,0.7297814,1.57882638,1.8699073,1.85313575,2.79519474,10.53924262,7.60603597,15.72306018,56.74189654
2026-01-24T00:00:00Z,0.00008882,0.00456663,0.06096015,0.49054896,0.73174473,1.56563808,1.87068822,1.85602785,2.79364075,10.53940601,7.60191428,15.7278402,56.75693532
2026-01-23T00:00:00Z,0.00061998,0.00312543,0.05766643,0.4867534,0.73109972,1.56117863,1.86464674,1.86953977,2.78126198,10.54019443,7.59933367,15.74267281,56.761907
2026-01-22T00:00:00Z,0.00024148,0.00358927,0.05992643,0.48297118,0.78161846,1.56435284,1.85916239,1.86850121,2.78197175,10.53246018,7.61301796,15.71850515,56.7336817
2026-01-21T00:00:00Z,0.00024094,0.00418049,0.06115459,0.48353324,0.77538735,1.57029696,1.85336125,1.86577517,2.78627039,10.5316177,7.60025207,15.75792097,56.71000888
2026-01-20T00:00:00Z,0.00020091,0.00448946,0.06071583,0.48607638,0.77528254,1.56444327,1.86805299,1.85098218,2.77940266,10.53486124,7.59690882,15.75984312,56.71874059
2026-01-19T00:00:00Z,0.00014845,0.00573989,0.05702928,0.49002554,0.77183029,1.56832707,1.85974144,1.8481391,2.78168584,10.53818849,7.59564684,15.82602548,56.65747229
2026-01-18T00:00:00Z,0.00007744,0.00559362,0.05548383,0.4909027,0.7615221,1.5639093,1.88485462,1.81739256,2.78174347,10.54534746,7.61098517,15.80680504,56.67538267
2026-01-17T00:00:00Z,0.00017418,0.00454987,0.05466491,0.48327926,0.77107482,1.55024746,1.87986181,1.81419875,2.78299083,10.55450345,7.61056487,15.80195302,56.69193677
2026-01-16T00:00:00Z,0.0001961,0.00458456,0.05265724,0.47821365,0.77986157,1.53759403,1.87146153,1.81586663,2.78661093,10.58741627,7.5756105,15.80885266,56.70107434
2026-01-15T00:00:00Z,0.00020225,0.00503505,0.05179759,0.47508078,0.77362442,1.54158914,1.86360875,1.81678426,2.80008916,10.58559534,7.57106182,15.80409514,56.71143628
2026-01-14T00:00:00Z,0.00019229,0.00504681,0.05163823,0.47800857,0.76274163,1.55148914,1.88228341,1.78992449,2.80334948,10.59018024,7.57063419,15.80150966,56.71300185
2026-01-13T00:00:00Z,0.00029373,0.0065484,0.0515181,0.47430617,0.77311856,1.53237416,1.87546736,1.8020356,2.80375343,10.59382421,7.67742826,15.68978164,56.7195504
2026-01-12T00:00:00Z,0.0001596,0.00641527,0.0512517,0.48391122,0.77589688,1.51309869,1.87262629,1.81802209,2.8071482,10.72382763,7.79004533,15.44204822,56.71554886
2026-01-11T00:00:00Z,0.00010614,0.00672602,0.04894587,0.53545316,0.73116033,1.50204553,1.87028786,1.8193033,2.81240375,10.73168423,7.78263337,15.44559031,56.71366015
2026-01-10T00:00:00Z,0.00020567,0.00512475,0.05151906,0.5254522,0.74401677,1.48653094,1.86537682,1.82321651,2.81254415,10.74096282,7.76759318,15.45496143,56.72249571
2026-01-09T00:00:00Z,0.00028267,0.0037488,0.05104352,0.51932803,0.76092712,1.47024221,1.86040292,1.82961881,2.80397807,10.7443787,7.75419513,15.46908686,56.73276716
2026-01-08T00:00:00Z,0.00016645,0.00416081,0.05548966,0.51094277,0.75819804,1.47542585,1.85487204,1.83454743,2.80585618,10.756338,7.73642042,15.47096573,56.73661661
2026-01-07T00:00:00Z,0.00037344,0.00348263,0.05659368,0.50646852,0.752533,1.47965512,1.86746303,1.82197562,2.8021382,10.77847139,7.7149865,15.47276261,56.74309625
2026-01-06T00:00:00Z,0.00015808,0.00567756,0.05908298,0.50269043,0.75726192,1.49901886,1.89001492,1.82333836,2.79985288,10.7894682,7.69058024,15.46738872,56.71546686
2026-01-05T00:00:00Z,0.00020004,0.00711725,0.05457579,0.50574897,0.75189361,1.49451559,1.8866236,1.82329451,2.80600436,10.80644677,7.66479679,15.47195433,56.72682839
2026-01-04T00:00:00Z,0.0000751,0.00818637,0.05224482,0.50629216,0.75708831,1.48544111,1.90552499,1.80232747,2.81190221,10.82500436,7.64001601,15.47637665,56.72952045
2026-01-03T00:00:00Z,0.00011468,0.00679995,0.05542439,0.49708779,0.75752085,1.47692952,1.90200475,1.8057167,2.81091858,10.83574027,7.62929009,15.47732446,56.74512797
2026-01-02T00:00:00Z,0.00019263,0.00529341,0.05573584,0.48805668,0.75542928,1.47547184,1.89774051,1.82408277,2.79259524,10.84403089,7.61660705,15.48071377,56.76405007
2026-01-01T00:00:00Z,0.00019413,0.00460197,0.06031322,0.48070553,0.7480009,1.47653521,1.89305225,1.82811411,2.79118229,10.85643821,7.61541346,15.46954881,56.77589991
2025-12-31T00:00:00Z,0.00031009,0.00302433,0.06246953,0.48097245,0.73398665,1.47500424,1.94273247,1.79571401,2.7880877,10.87226343,7.59751954,15.4945002,56.75341534
2025-12-30T00:00:00Z,0.0002323,0.00372042,0.06240304,0.48082985,0.73120119,1.50437696,1.95261891,1.77852029,2.78824243,10.88174515,7.5877921,15.49400661,56.73431073
2025-12-29T00:00:00Z,0.0002533,0.00458134,0.06110762,0.48060705,0.73690731,1.5190459,1.9352546,1.78019147,2.79356846,10.88488876,7.57436864,15.49406515,56.73516041
2025-12-28T00:00:00Z,0.00013312,0.00544271,0.05862381,0.47987476,0.73280604,1.53038222,1.92400265,1.77663404,2.8065132,10.88601658,7.56492851,15.49191758,56.74272478
2025-12-27T00:00:00Z,0.00013943,0.00444898,0.05728262,0.4745754,0.73407177,1.52833608,1.92014429,1.77366126,2.8104634,10.89401914,7.55401428,15.49684285,56.75200051
2025-12-26T00:00:00Z,0.00021493,0.00456652,0.05538111,0.46503903,0.74708018,1.51253717,1.91190788,1.77746198,2.82116049,10.89620565,7.54143442,15.50583218,56.76117845
2025-12-25T00:00:00Z,0.00010887,0.00534131,0.05576889,0.45941449,0.74817375,1.51396112,1.90663075,1.7779255,2.81964865,10.9098474,7.52758992,15.5191316,56.75645776
2025-12-24T00:00:00Z,0.00032879,0.00430772,0.05608816,0.45660257,0.73526166,1.51569488,1.90335498,1.77737073,2.82095959,10.91348104,7.5213203,15.52520851,56.77002107
2025-12-23T00:00:00Z,0.00019062,0.00473092,0.05855433,0.45605569,0.73197214,1.50942226,1.94509735,1.72840386,2.83375652,10.9062973,7.51489089,15.54327578,56.76735235
2025-12-22T00:00:00Z,0.00018658,0.00520688,0.07539589,0.43764838,0.72986953,1.51965627,1.93453154,1.72628344,2.83758492,10.94702179,7.4933195,15.53885642,56.75443884
2025-12-21T00:00:00Z,0.00009077,0.00590412,0.12719604,0.38261483,0.72977858,1.51132403,1.94098816,1.71844022,2.86594286,10.92372525,7.49224342,15.5422428,56.75950891
2025-12-20T00:00:00Z,0.00023207,0.00452505,0.1324615,0.38244938,0.71670928,1.51202682,1.93261217,1.72365751,2.86940533,10.93636957,7.47344537,15.54495788,56.77114808
2025-12-19T00:00:00Z,0.00025834,0.00353708,0.13181742,0.37383948,0.7217932,1.54235006,1.93263443,1.72755024,2.87431906,10.92526142,7.47202315,15.53801759,56.75659851
2025-12-18T00:00:00Z,0.00016566,0.00428041,0.13070273,0.37061377,0.71623505,1.56248095,1.99508576,1.65419579,2.88658982,10.92843025,7.46041893,15.54187507,56.74892579
2025-12-17T00:00:00Z,0.00025367,0.00477624,0.13289232,0.3629014,0.70730232,1.56659122,1.98858599,1.65704637,2.89194287,10.93309007,7.45447091,15.54724694,56.75289968
2025-12-16T00:00:00Z,0.00023527,0.0064299,0.13212338,0.35871935,0.70217172,1.62725061,1.94524496,1.6595991,2.89411132,10.92984881,7.45087672,15.54365154,56.74973731
2025-12-15T00:00:00Z,0.00018633,0.00659877,0.12788735,0.36620661,0.6880001,1.66521116,1.92093961,1.65413059,2.90802472,10.96293574,7.4399093,15.53941959,56.72055012
2025-12-14T00:00:00Z,0.00011176,0.00733923,0.12321648,0.36958387,0.69317013,1.67641533,1.90283414,1.65253461,2.91631193,10.95899566,7.43773015,15.55475244,56.70700428
2025-12-13T00:00:00Z,0.00014208,0.00590359,0.12541688,0.36147336,0.68778306,1.67479538,1.91903283,1.63939433,2.91497047,10.95683999,7.43439918,15.56062867,56.71922019
2025-12-12T00:00:00Z,0.00028173,0.00432476,0.12269849,0.35359284,0.69065402,1.68374931,1.90336007,1.64033769,2.92552893,10.94881569,7.43827793,15.56347761,56.72490092
2025-12-11T00:00:00Z,0.00019344,0.00490556,0.11927483,0.34944574,0.69099225,1.72509416,1.87717307,1.63937687,2.94260819,10.93419437,7.44554656,15.55056009,56.72063488
2025-12-10T00:00:00Z,0.00031417,0.0045976,0.11665307,0.34982152,0.68402406,1.74165994,1.86762477,1.64983603,2.9384404,10.92881833,7.44908876,15.55539707,56.71372427
2025-12-09T00:00:00Z,0.0002406,0.00544518,0.11260564,0.34920271,0.67937245,1.74399441,1.91890628,1.65198979,2.93509269,10.93429816,7.44546953,15.55609824,56.66728433
2025-12-08T00:00:00Z,0.00020261,0.00689702,0.10523067,0.35239111,0.67860677,1.75138755,1.91579552,1.64969207,2.94424246,10.93619282,7.44562125,15.56293895,56.65080123
2025-12-07T00:00:00Z,0.00010373,0.00696571,0.10010438,0.35141678,0.6960148,1.74613252,1.90985186,1.64899391,2.95551133,10.94171149,7.47279593,15.60042828,56.56996928
2025-12-06T00:00:00Z,0.00012138,0.00581569,0.10162842,0.34017747,0.69814324,1.74413338,1.90084221,1.65091982,2.95714613,10.95554752,7.46218901,15.60622613,56.57710962
2025-12-05T00:00:00Z,0.00028962,0.00414934,0.10041565,0.33170091,0.69734986,1.75021529,1.88565586,1.65390027,2.956917,10.95824907,7.4564716,15.61701165,56.5876739
2025-12-04T00:00:00Z,0.0001829,0.00413226,0.10037364,0.33006988,0.69568627,1.7843547,1.84720925,1.6576659,2.95486774,10.96518267,7.45228893,15.61244813,56.59553774
2025-12-03T00:00:00Z,0.00026156,0.00369647,0.09957565,0.32829473,0.68879736,1.78565574,1.84218659,1.66019327,2.9583658,10.96472912,7.45109181,15.61353718,56.60361472
2025-12-02T00:00:00Z,0.00025942,0.00444117,0.09483864,0.33229908,0.6808025,1.80229786,1.92007028,1.60603732,2.95763394,10.96074252,7.44664313,15.61202259,56.58191155
2025-12-01T00:00:00Z,0.00020711,0.00516673,0.08941217,0.3366703,0.67671201,1.81231118,1.90428049,1.60912234,2.95690651,10.98359681,7.42660838,15.61181137,56.5871946
2025-11-30T00:00:00Z,0.00010183,0.00568276,0.08545293,0.33683898,0.67661868,1.80680053,1.90039408,1.61291986,2.96453969,11.00387313,7.45486825,15.58976707,56.56214222
2025-11-29T00:00:00Z,0.00010386,0.00922514,0.07852079,0.33864848,0.74039885,1.73017686,1.89817946,1.61735385,2.96976029,11.00159054,7.44700356,15.59536973,56.5736686
2025-11-28T00:00:00Z,0.00020242,0.01924322,0.06605924,0.32913112,0.74727523,1.7200153,1.89100386,1.62069437,2.97807324,10.99495652,7.44636731,15.59988832,56.58708985
2025-11-27T00:00:00Z,0.00021249,0.01877575,0.06519656,0.32873325,0.73792751,1.72916082,1.88025318,1.62375556,2.98532199,10.99228298,7.44670702,15.60828874,56.58338415
2025-11-26T00:00:00Z,0.00022621,0.01636012,0.06676222,0.34262629,0.71323458,1.73035293,1.87396738,1.62518903,2.99656021,10.98604076,7.44880473,15.60593356,56.59394198
2025-11-25T00:00:00Z,0.00018311,0.01435401,0.06434883,0.34579091,0.70933469,1.74182778,1.90277386,1.62162594,2.99939176,11.00884586,7.43881892,15.60832526,56.54437906
2025-11-24T00:00:00Z,0.00017934,0.01329939,0.06084609,0.34570524,0.7074026,1.74353941,1.88884253,1.62127331,3.00620686,11.01701324,7.44731017,15.60563177,56.54275006
2025-11-23T00:00:00Z,0.00061212,0.01117796,0.05747785,0.34496068,0.7098384,1.75412229,1.87026793,1.61996107,3.01387886,11.0293708,7.44200254,15.60436856,56.54196094
2025-11-22T00:00:00Z,0.00052031,0.00706006,0.05669501,0.33787326,0.70863479,1.75434786,1.82751379,1.63567702,3.05920483,11.61152264,7.41688595,15.47654367,56.1075208
2025-11-21T00:00:00Z,0.00029976,0.00524435,0.05678695,0.33245109,0.73654099,1.90482321,1.91497294,1.96800094,3.0355639,11.8556502,7.34854251,15.31034106,55.53078211
2025-11-20T00:00:00Z,0.00021508,0.00657144,0.05732237,0.33264139,0.73201848,1.93061041,1.89210937,1.97480412,3.04814839,11.84764249,7.34186932,15.32836699,55.50768015
2025-11-19T00:00:00Z,0.00025848,0.00654767,0.05922449,0.33280267,0.72337119,1.95634498,1.87906914,1.97863657,3.05732351,11.86220691,7.33764357,15.32330799,55.48326283
2025-11-18T00:00:00Z,0.00036591,0.00605775,0.05687926,0.33630782,0.7306999,1.96489631,1.87279074,1.98752866,3.04869449,11.87480272,7.33085437,15.31568419,55.47443787
2025-11-17T00:00:00Z,0.00023031,0.00575519,0.05543817,0.34033933,0.73767972,1.98559634,1.91565626,1.99385298,3.05998467,11.86960329,7.32650177,15.29258887,55.4167731
2025-11-16T00:00:00Z,0.00007827,0.00607141,0.05427745,0.34336068,0.73828856,1.98522784,1.92106747,1.9959583,3.31271505,11.65245433,7.31744432,15.28342984,55.38962649
2025-11-15T00:00:00Z,0.00013422,0.00454748,0.05557827,0.33803897,0.74404089,1.97577572,1.91798898,1.99804529,3.34518432,11.62711277,7.30818627,15.29046338,55.39490344
2025-11-14T00:00:00Z,0.00037581,0.00303016,0.05703557,0.33107052,0.74652915,1.97530338,1.90579971,1.99746363,3.39226676,11.58562972,7.30364549,15.29807245,55.40377766
2025-11-13T00:00:00Z,0.00020724,0.0046068,0.06060547,0.32240081,0.75139549,2.01759425,1.87563749,2.01112729,3.40501718,11.57417311,7.29741979,15.29240621,55.38740888
2025-11-12T00:00:00Z,0.00023911,0.005537,0.0789628,0.30219018,0.75271909,2.04623077,1.85857649,2.0096968,3.43285779,11.56875793,7.32343703,15.25978868,55.36100634
2025-11-11T00:00:00Z,0.00017311,0.00694598,0.07531917,0.30763408,0.74543647,2.07565972,1.83529607,2.01098145,3.45333676,11.549199,7.34113804,15.23757786,55.3613023
2025-11-10T00:00:00Z,0.0001969,0.00796452,0.07063073,0.30970968,0.74498039,2.09908735,1.83592494,1.99899096,3.47203396,11.53665647,7.33061152,15.23656398,55.3566486
2025-11-09T00:00:00Z,0.00005729,0.00794358,0.06936413,0.30746051,0.74387075,2.10696841,1.8340183,2.00648209,3.52148855,11.4898801,7.32105366,15.2439351,55.34747753
2025-11-08T00:00:00Z,0.00011634,0.00615158,0.06870376,0.30406494,0.74322073,2.09608013,1.83258603,2.0106912,3.54032121,11.4667847,7.31895178,15.25035443,55.36197317
2025-11-07T00:00:00Z,0.00032576,0.00456789,0.06874876,0.29664829,0.74388331,2.09865615,1.82368904,2.01890466,3.56892567,11.44256596,7.31555086,15.24799673,55.36953691
2025-11-06T00:00:00Z,0.00027603,0.0048398,0.06944559,0.29078397,0.7392972,2.11627931,1.81546906,2.01474848,3.57519945,11.5961976,7.30437585,15.22161883,55.25146883
2025-11-05T00:00:00Z,0.00028968,0.00514541,0.06896263,0.28824228,0.73343251,2.15264766,1.79577879,2.01688472,3.583854,11.60358372,7.29264557,15.21443353,55.24409949
2025-11-04T00:00:00Z,0.00030778,0.00541664,0.06824165,0.28862698,0.73113771,2.18428472,1.77979261,2.01665281,3.59276136,11.60253179,7.28336114,15.2144399,55.23244489
2025-11-03T00:00:00Z,0.00019775,0.00592332,0.06808999,0.29725733,0.72261243,2.20501749,1.77890296,2.01523907,3.6019487,11.6163906,7.27327895,15.21383441,55.201307
2025-11-02T00:00:00Z,0.00007888,0.0060147,0.06806191,0.29593265,0.72012856,2.1985579,1.77944229,2.01460127,3.94883555,11.27346468,7.29367847,15.23177475,55.16942837
2025-11-01T00:00:00Z,0.00011383,0.00491258,0.06876729,0.2952858,0.71444716,2.1881854,1.7792554,2.01313387,3.94767536,11.67307587,6.8998832,15.23493173,55.18033251
2025-10-31T00:00:00Z,0.00026328,0.00370009,0.06813581,0.28987714,0.71726547,2.18012514,1.773428,2.01424001,3.94910252,11.70201066,6.89260293,15.24054422,55.16870472
2025-10-30T00:00:00Z,0.00026466,0.00423573,0.07041559,0.28512222,0.71723843,2.18790592,1.76533487,2.03373328,3.93920868,11.70415126,6.89168594,15.23988547,55.16081794
2025-10-29T00:00:00Z,0.00019789,0.00476333,0.06926074,0.28491902,0.71755348,2.20617669,1.76994356,2.05161448,3.94554558,11.70237436,6.88327025,15.23333807,55.13104255
2025-10-28T00:00:00Z,0.00024846,0.00570395,0.06649214,0.28309191,0.72022596,2.21423716,1.79199007,2.02991186,3.94734011,11.73846321,6.87594828,15.22506397,55.10128293
2025-10-27T00:00:00Z,0.00020226,0.00635543,0.06273207,0.28845011,0.71687173,2.22352064,1.78469133,2.02838544,3.95946878,11.78314863,6.86837819,15.21781961,55.05997578
2025-10-26T00:00:00Z,0.0000935,0.00591276,0.06108844,0.29059858,0.70812952,2.21757328,1.78891514,2.02178296,3.96376798,11.81537302,6.86263746,15.21615503,55.04797234
2025-10-25T00:00:00Z,0.00012597,0.00489659,0.06182668,0.28738157,0.70986615,2.20403328,1.79010346,2.01812813,3.97206777,11.83600408,6.85351431,15.21915887,55.04289314
2025-10-24T00:00:00Z,0.00026541,0.00373614,0.06235515,0.28053341,0.70998375,2.20518841,1.787455,2.02426175,3.96562782,11.83851707,6.84799443,15.2236829,55.05039875
2025-10-23T00:00:00Z,0.00020797,0.00399002,0.06317279,0.27549871,0.70708137,2.21163261,1.780068,2.02743867,3.9613267,11.84695452,6.85679064,15.23070348,55.03513453
2025-10-22T00:00:00Z,0.00030302,0.0043017,0.06305349,0.28019098,0.69775118,2.2122141,1.77845608,2.02880527,3.95296621,11.85197631,6.84774403,15.22307776,55.05915986
2025-10-21T00:00:00Z,0.00022478,0.00582478,0.06447939,0.27501579,0.70259419,2.20652071,1.77388573,2.02869486,3.99759051,11.88648478,6.82320831,15.213396,55.02208019
2025-10-20T00:00:00Z,0.00013246,0.01035643,0.05810164,0.27934466,0.69748007,2.24389533,1.73464704,2.02565428,3.9976632,11.90713432,6.84147222,15.18644243,55.01767592
2025-10-19T00:00:00Z,0.00014224,0.00919044,0.05730558,0.28659051,0.695294,2.26509297,1.69596258,2.02337961,3.99741774,11.91741362,6.83305254,15.20522503,55.01393315
2025-10-18T00:00:00Z,0.00010903,0.0076188,0.05708696,0.29428861,0.69031431,2.24871638,1.69729065,2.02097272,3.99670119,11.92214955,6.82761435,15.20979534,55.02734212
2025-10-17T00:00:00Z,0.00024052,0.00618006,0.05639421,0.28860157,0.68863989,2.25196677,1.69233178,2.02035216,3.99768271,11.92513228,6.82249648,15.22145016,55.02853142
2025-10-16T00:00:00Z,0.00033449,0.00537734,0.05789263,0.28286376,0.6851525,2.26276808,1.68684512,2.02161005,4.0237735,11.92574871,6.8371568,15.20074254,55.00973449
2025-10-15T00:00:00Z,0.00029761,0.00503707,0.05830981,0.29061448,0.67059013,2.26817339,1.70284944,2.00345147,4.02305133,11.92543636,6.83472653,15.20790035,55.00956202
2025-10-14T00:00:00Z,0.00034545,0.00442308,0.05718845,0.30359353,0.64861235,2.28358045,1.70932569,1.99575875,4.08884446,11.96371499,6.82009645,15.18862724,54.93588912
2025-10-13T00:00:00Z,0.0001693,0.00549243,0.05402571,0.34869862,0.65206392,2.29979775,1.73911409,1.98963758,4.08793922,11.95414017,6.8123918,15.17863242,54.87789698
2025-10-12T00:00:00Z,0.00009671,0.00575056,0.05255801,0.35528172,0.6416075,2.29170288,1.74131887,1.98315627,4.08795383,11.9598177,6.82189269,15.16910471,54.88975856
2025-10-11T00:00:00Z,0.00019871,0.00470959,0.05255933,0.35797412,0.62900662,2.29052794,1.73718551,1.98078046,4.10203292,11.94520007,6.82586412,15.16960192,54.90435869
2025-10-10T00:00:00Z,0.00017675,0.00430248,0.05194098,0.35351535,0.62922224,2.32395895,1.70663441,1.97840808,4.10282353,11.94672615,6.82351142,15.17183867,54.90694098
2025-10-09T00:00:00Z,0.00024472,0.00554479,0.04910352,0.34974213,0.62677428,2.35637411,1.67758664,1.98146961,4.09585149,11.9473565,6.82986651,15.20088331,54.8792024
2025-10-08T00:00:00Z,0.0002208,0.00590596,0.04829592,0.35447677,0.61293645,2.42129437,1.61561506,1.97671718,4.10483245,11.98793473,6.82780475,15.19389375,54.85007181
2025-10-07T00:00:00Z,0.00024068,0.00669188,0.04619816,0.35398956,0.61407393,2.54386122,1.48772702,1.97811204,4.10294276,12.00766537,6.8357175,15.18495504,54.83782485
2025-10-06T00:00:00Z,0.00016946,0.00671584,0.04337211,0.35845311,0.61298899,2.55669822,1.46520459,1.97526202,4.10431699,12.115669,6.83476487,15.16211472,54.76427009
2025-10-05T00:00:00Z,0.00011184,0.00645004,0.0421932,0.35993896,0.61422565,2.54734239,1.46267471,2.00814079,4.07314809,12.12500838,6.83966127,15.15278242,54.76832225
2025-10-04T00:00:00Z,0.00017466,0.00517785,0.04429154,0.3541497,0.6131498,2.53769649,1.46416456,2.00818,4.07086228,12.13151546,6.84089912,15.15964574,54.77009279
2025-10-03T00:00:00Z,0.00033078,0.00368067,0.04487798,0.3470339,0.61916608,2.53186441,1.46378232,2.0078909,4.07371476,12.12964898,6.83866087,15.16438847,54.77495989
2025-10-02T00:00:00Z,0.0002674,0.00456185,0.04601446,0.34186531,0.62138188,2.54586943,1.46438922,2.00775697,4.06922102,12.12910271,6.83709553,15.16519208,54.76728215
2025-10-01T00:00:00Z,0.00025237,0.00521115,0.04628491,0.33815317,0.61651546,2.56464806,1.46789399,2.00621585,4.072085,12.12473075,6.83569427,15.16375455,54.75856047
2025-09-30T00:00:00Z,0.00029831,0.00502811,0.04779854,0.33907254,0.61592821,2.59694016,1.46948626,2.00308079,4.08312383,12.12042129,6.83345809,15.15204197,54.73332188
2025-09-29T00:00:00Z,0.00019658,0.00555556,0.04581325,0.33934583,0.62582757,2.58223799,1.46815991,1.99961942,4.08225537,12.15617178,6.83068479,15.1502099,54.71392206
2025-09-28T00:00:00Z,0.0001079,0.00629417,0.04595027,0.33608832,0.63474277,2.56429476,1.46996292,1.99807381,4.08352265,12.15646178,6.83477639,15.15035161,54.71937264
2025-09-27T00:00:00Z,0.00012723,0.0049804,0.05353976,0.33275795,0.626971,2.55565918,1.48622823,1.98270436,4.08051885,12.15768439,6.84103225,15.14628078,54.73151561
2025-09-26T00:00:00Z,0.0003223,0.00400171,0.05422927,0.32712387,0.62375131,2.55743633,1.48271072,1.98331054,4.07695822,12.15848129,6.84071669,15.15059989,54.74035784
2025-09-25T00:00:00Z,0.00021786,0.00391138,0.05860172,0.32049779,0.62879323,2.56692392,1.48341281,1.97948755,4.07392735,12.16328685,6.8462918,15.14462562,54.73002213
2025-09-24T00:00:00Z,0.0001752,0.00406895,0.05954757,0.32511366,0.62562207,2.58671073,1.46518624,1.97740924,4.06932443,12.19544551,6.84455855,15.14313213,54.70370574
2025-09-23T00:00:00Z,0.00023759,0.00452246,0.05813718,0.32697412,0.62598582,2.58290172,1.4791273,1.96200277,4.05970271,12.23423307,6.83960462,15.13749278,54.68907788
2025-09-22T00:00:00Z,0.00020193,0.00476094,0.05701085,0.32934376,0.62010579,2.58358669,1.48016469,1.95856818,4.05583921,12.27003017,6.83586343,15.13174438,54.67277997
2025-09-21T00:00:00Z,0.00009397,0.00515151,0.05601464,0.33609407,0.61468663,2.57749566,1.4956961,1.9384593,4.05652382,12.27177579,6.83505494,15.13428281,54.67867077
2025-09-20T00:00:00Z,0.00017106,0.00405275,0.05734456,0.33116554,0.62702837,2.5591477,1.49830341,1.92970964,4.06244181,12.2662964,6.8355974,15.14042559,54.68831577
2025-09-19T00:00:00Z,0.00018608,0.00337894,0.05842138,0.32560093,0.62433678,2.56617361,1.49880689,1.92125471,4.06109429,12.26203194,6.83411986,15.14615584,54.69843876
2025-09-18T00:00:00Z,0.00020916,0.00353931,0.05738323,0.32046753,0.62004189,2.56853044,1.63550482,1.78268249,4.05232264,12.33456012,6.82868943,15.13565533,54.6604136
2025-09-17T00:00:00Z,0.00021942,0.0036027,0.05784804,0.31724696,0.61445453,2.57669324,1.65510414,1.78574848,4.02342712,12.33064537,6.83233665,15.13843486,54.66423847
2025-09-16T00:00:00Z,0.00021644,0.00392355,0.05745119,0.31390692,0.61385029,2.57591882,1.65818089,1.78026443,4.01550213,12.36895761,6.83431866,15.13122632,54.64628275
2025-09-15T00:00:00Z,0.00014369,0.00463314,0.05547639,0.31385975,0.61055087,2.57596069,1.6641455,1.77085915,4.01305131,12.3741224,6.82843314,15.13178501,54.65697896
2025-09-14T00:00:00Z,0.00008869,0.00460653,0.05402888,0.3136228,0.60751493,2.56624127,1.67522456,1.75560821,4.01156331,12.40941535,6.83524237,15.11977385,54.64706923
2025-09-13T00:00:00Z,0.00015932,0.00370602,0.05544541,0.31531875,0.59929724,2.55609194,1.70002743,1.73361922,4.0056239,12.41001404,6.83486135,15.12905264,54.65678274
2025-09-12T00:00:00Z,0.00021263,0.00295153,0.05772269,0.30625623,0.59818376,2.55835038,1.70443572,1.72146593,4.00402439,12.42405636,6.83484141,15.12482401,54.66267496
2025-09-11T00:00:00Z,0.00019575,0.00370467,0.05721345,0.30108244,0.59611625,2.56456536,1.70301026,1.71775407,4.00042493,12.43267397,6.83311268,15.12739498,54.66275119
2025-09-10T00:00:00Z,0.00018873,0.00385643,0.05677006,0.30028482,0.58880132,2.56789183,1.70801788,1.71119687,3.9989488,12.43105921,6.83536058,15.12840055,54.66922291
2025-09-09T00:00:00Z,0.00024062,0.00440557,0.0548784,0.29842094,0.58904799,2.56698768,1.71678238,1.69961479,3.99851754,12.43481754,6.83545718,15.13472105,54.66610833
2025-09-08T00:00:00Z,0.0001287,0.00512159,0.05313485,0.30234742,0.59794246,2.55082913,1.72466447,1.68692039,3.99933855,12.43722121,6.84001425,15.13614075,54.66619623
2025-09-07T00:00:00Z,0.00008929,0.00543931,0.0504817,0.30178568,0.60129045,2.53578236,1.7397348,1.67194126,3.99764247,12.44615017,6.84347779,15.13633081,54.66985393
2025-09-06T00:00:00Z,0.00009832,0.00481481,0.04956515,0.29742351,0.60351218,2.52244129,1.7602228,1.6500307,3.99552242,12.44957598,6.840197,15.14908298,54.67751286
2025-09-05T00:00:00Z,0.00022339,0.00438102,0.04851749,0.29116859,0.61060467,2.52544032,1.75805834,1.63775226,3.99559814,12.44761877,6.83674854,15.16055026,54.6833382
2025-09-04T00:00:00Z,0.00018432,0.00673137,0.04786982,0.28464209,0.61173685,2.53349824,1.77058646,1.63223957,4.00003281,12.47673433,6.82952151,15.16566926,54.64055337
2025-09-03T00:00:00Z,0.00021773,0.00658317,0.04684735,0.28146851,0.60836911,2.53587258,1.77698597,1.62658779,3.9980344,12.47827438,6.83899841,15.16942368,54.63233692
2025-09-02T00:00:00Z,0.00017943,0.00637297,0.0478321,0.27994665,0.6061239,2.54072249,1.78324439,1.61355041,4.0012296,12.47514297,6.83625165,15.19306273,54.6163407
2025-09-01T00:00:00Z,0.00014155,0.00591998,0.04716189,0.2819179,0.60533482,2.53261535,1.79780481,1.59833709,4.00028548,12.47876333,6.83630119,15.19069858,54.62471802
2025-08-31T00:00:00Z,0.00013205,0.00556638,0.04491162,0.31978316,0.57105133,2.52332985,1.81148395,1.58307893,3.99928219,12.48342005,6.83310354,15.19262489,54.63223205
2025-08-30T00:00:00Z,0.00023723,0.00473525,0.04669618,0.31767733,0.565529,2.51296339,1.81579984,1.57712542,3.99771618,12.50212403,6.82648048,15.1965646,54.63635107
2025-08-29T00:00:00Z,0.00036504,0.00372748,0.04670614,0.31137214,0.5674212,2.51107213,1.81706988,1.57419383,3.99381889,12.50776294,6.82725373,15.19939215,54.63984444
2025-08-28T00:00:00Z,0.00018986,0.00433967,0.05118449,0.30293036,0.57688159,2.53072891,1.8259671,1.58149994,3.9850667,12.63695967,6.81353792,15.16707836,54.52363544
2025-08-27T00:00:00Z,0.00020216,0.00460708,0.05237787,0.30225138,0.57898659,2.53658404,1.84369525,1.57236658,3.97156058,12.63156443,6.86302326,15.11970129,54.52307949
2025-08-26T00:00:00Z,0.00016758,0.00505111,0.05117921,0.30259907,0.58151386,2.53349263,1.85166059,1.56767266,3.96187994,12.62907615,6.9341677,15.07771504,54.50382447
2025-08-25T00:00:00Z,0.00015535,0.00511254,0.04871827,0.30601128,0.58226119,2.52696079,1.8967338,1.52365029,3.95906123,12.65119789,6.91924053,15.07942776,54.50146909
2025-08-24T00:00:00Z,0.00014048,0.0052445,0.0464965,0.30984621,0.58024471,2.51290756,1.91009878,1.51662953,3.95142756,12.6548974,6.99687161,15.01079624,54.50439892
2025-08-23T00:00:00Z,0.00019834,0.00450399,0.04933864,0.30460146,0.5876529,2.49696318,1.90695823,1.52567169,3.94091869,12.6548302,7.0290353,14.98342217,54.51590521
2025-08-22T00:00:00Z,0.00020397,0.00383123,0.04859566,0.2995977,0.5874916,2.50000347,1.90123184,1.52422259,3.94334346,12.65380573,7.07309052,14.94269204,54.5218902
2025-08-21T00:00:00Z,0.00025693,0.00416119,0.04864688,0.29456108,0.58395688,2.51461531,1.89736706,1.53040461,3.9441002,12.65700301,7.08652965,14.97891995,54.45947724
2025-08-20T00:00:00Z,0.00026403,0.00513054,0.05257482,0.29612367,0.57118101,2.51759091,1.89868971,1.52770239,3.94502331,12.65375314,7.14360056,14.92964777,54.45871813
2025-08-19T00:00:00Z,0.00021826,0.00535845,0.06826822,0.28245989,0.56668618,2.51478557,1.89589445,1.52487534,3.94082324,12.66253459,7.17114461,14.91149988,54.45545132
2025-08-18T00:00:00Z,0.00019382,0.00600782,0.06514209,0.28668063,0.56226723,2.51637807,1.89894466,1.52138635,3.95677992,12.65694047,7.20163194,14.88018185,54.44746515
2025-08-17T00:00:00Z,0.00009442,0.00624145,0.06450067,0.2913128,0.55448919,2.50808926,1.90671424,1.51225822,3.97001155,12.64337002,7.21719409,14.86511443,54.46060964
2025-08-16T00:00:00Z,0.00014972,0.00496017,0.06658036,0.2906858,0.54507796,2.49985971,1.91420214,1.5043103,3.96864433,12.64504769,7.23984533,14.84583532,54.47480118
2025-08-15T00:00:00Z,0.00022415,0.00366261,0.07123098,0.27993218,0.54356156,2.48656761,1.91074605,1.50520777,3.95545193,12.78912301,7.22721477,14.83058705,54.39649034
2025-08-14T00:00:00Z,0.00034597,0.00349416,0.07282536,0.27532883,0.54239842,2.49490167,1.90762855,1.50284307,3.95274416,12.8060651,7.25308359,14.78518522,54.40315589
